area_id,area_name,b11006001,b11006001_moe,b11006002,b11006002_moe,b11006003,b11006003_moe,b11006004,b11006004_moe,b11006005,b11006005_moe,b11006006,b11006006_moe,b11006007,b11006007_moe,b11006008,b11006008_moe,b11006009,b11006009_moe,b11006010,b11006010_moe,b11006011,b11006011_moe,b11006012,b11006012_moe,b11006013,b11006013_moe,b11006014,b11006014_moe,b11006015,b11006015_moe
BK09,Brooklyn Heights-Cobble Hill,11346,374,3211,311,1269,227,1101,210,168,102,82,84,86,61,1942,261,8135,418,3515,355,3154,329,361,144,168,89,193,113,4620,395
BK17,Sheepshead Bay-Gerritsen Beach-Manhattan Beach,25070,401,10946,452,6250,390,4761,356,1489,240,464,149,1025,200,4696,354,14124,528,10273,481,7321,469,2952,340,711,212,2241,313,3851,394
BK19,Brighton Beach,13764,343,6636,345,2933,284,2252,257,681,161,130,69,551,149,3703,332,7128,411,4912,392,3557,345,1355,255,419,148,936,226,2216,307
BK21,Seagate-Coney Island,11215,272,5207,378,2801,323,2018,288,783,193,113,75,670,173,2406,264,6008,418,4626,370,2191,303,2435,321,292,149,2143,301,1382,265
BK23,West Brighton,8026,219,5528,318,2889,275,2301,271,588,147,109,73,479,140,2639,296,2498,352,1760,289,1232,261,528,171,68,46,460,166,738,205
BK25,Homecrest,15435,318,6595,370,3955,323,3119,292,836,184,280,115,556,149,2640,263,8840,426,6634,396,5503,383,1131,208,328,126,803,170,2206,306
BK26,Gravesend,11068,297,5704,363,3490,367,2694,331,796,185,203,96,593,159,2214,295,5364,381,3987,356,2763,338,1224,229,176,84,1048,221,1377,274
BK27,Bath Beach,10726,270,4786,315,3078,276,2370,256,708,164,354,125,354,105,1708,232,5940,360,4373,342,3540,335,833,158,104,58,729,151,1567,243
BK28,Bensonhurst West,29717,419,12068,522,7993,469,6181,414,1812,258,515,138,1297,226,4075,340,17649,605,13433,578,10640,552,2793,336,1006,217,1787,266,4216,400
BK29,Bensonhurst East,21737,342,9463,440,6466,416,4940,380,1526,228,497,121,1029,200,2997,291,12274,506,9323,486,7251,461,2072,293,757,192,1315,229,2951,332
BK30,Dyker Heights,14966,279,6337,363,4558,340,3383,307,1175,198,539,150,636,135,1779,219,8629,408,6381,389,5187,377,1194,217,291,115,903,190,2248,285
BK31,Bay Ridge,34990,426,12292,493,6272,407,4409,354,1863,255,493,152,1370,214,6020,403,22698,598,13177,579,10169,547,3008,377,817,207,2191,324,9521,508
BK32,Sunset Park West,17023,319,4342,342,2847,298,1650,230,1197,207,397,129,800,176,1495,225,12681,427,8537,450,5379,435,3158,369,867,201,2291,316,4144,372
BK33,Carroll Gardens-Columbia Street-Red Hook,17628,387,4154,349,2160,294,1550,253,610,157,159,93,451,136,1994,286,13474,480,6982,438,4597,370,2385,300,450,166,1935,281,6492,473
BK34,Sunset Park East,20544,327,6074,393,4166,360,2881,310,1285,209,539,139,746,155,1908,254,14470,461,11430,482,7456,462,3974,374,1455,258,2519,311,3040,335
BK35,Stuyvesant Heights,24360,452,7729,470,4514,400,1604,257,2910,340,581,169,2329,296,3215,335,16631,592,10143,546,3454,387,6689,493,1210,253,5479,458,6488,489
BK37,Park Slope-Gowanus,31068,489,7046,440,4225,384,3061,332,1164,235,407,147,757,189,2821,310,24022,601,11719,592,9417,548,2302,314,664,178,1638,271,12303,619
BK38,DUMBO-Vinegar Hill-Downtown Brooklyn-Boerum Hill,15085,316,3378,265,1836,213,942,172,894,175,122,76,772,167,1542,205,11707,396,5556,360,3292,302,2264,270,304,109,1960,257,6151,397
BK40,Windsor Terrace,9510,205,2643,237,1463,212,1101,193,362,103,101,54,261,88,1180,174,6867,288,4004,319,2980,292,1024,213,334,136,690,180,2863,294
BK41,Kensington-Ocean Parkway,12037,287,3939,292,2472,252,1799,231,673,154,216,97,457,127,1467,224,8098,378,5554,373,4224,369,1330,255,527,172,803,205,2544,329
BK42,Flatbush,37482,454,10946,517,6930,443,3756,342,3174,351,800,210,2374,290,4016,376,26536,621,16835,674,8648,565,8187,584,1803,316,6384,537,9701,620
BK43,Midwood,18430,320,7334,380,4214,322,3360,287,854,179,237,96,617,156,3120,295,11096,447,8086,436,6366,421,1720,290,482,175,1238,237,3010,345
BK44,Madison,15022,240,6052,343,3902,308,3091,283,811,156,277,102,534,129,2150,237,8970,373,6563,368,5376,354,1187,216,367,129,820,180,2407,291
BK45,Georgetown-Marine Park-Bergen Beach-Mill Basin,16432,289,6673,387,4580,357,3392,309,1188,206,325,107,863,181,2093,258,9759,428,8033,427,6512,405,1521,251,363,131,1158,221,1726,269
BK46,Ocean Parkway South,6607,235,2769,225,1712,194,1359,173,353,109,119,64,234,91,1057,161,3838,264,3028,267,2350,248,678,144,203,98,475,116,810,152
BK50,Canarsie,27669,396,8789,472,6752,443,3821,348,2931,311,661,174,2270,266,2037,238,18880,553,14809,559,6967,481,7842,495,1473,268,6369,449,4071,387
BK58,Flatlands,23279,315,8978,415,6583,398,3870,336,2713,289,512,136,2201,259,2395,242,14301,459,11192,469,6061,427,5131,410,835,208,4296,368,3109,337
BK60,Prospect Lefferts Gardens-Wingate,26016,421,8791,514,5302,442,2200,302,3102,369,686,184,2416,343,3489,368,17225,605,10717,631,4428,460,6289,523,1122,282,5167,489,6508,519
BK61,Crown Heights North,40818,573,12528,560,6278,475,2450,314,3828,387,649,190,3179,342,6250,457,28290,706,16281,700,5431,490,10850,633,2015,351,8835,581,12009,658
BK63,Crown Heights South,14662,272,4755,351,2612,278,1205,209,1407,221,280,112,1127,204,2143,277,9907,419,6298,421,3396,370,2902,315,647,204,2255,282,3609,352
BK64,Prospect Heights,9394,270,1845,245,971,179,497,115,474,149,180,107,294,115,874,195,7549,338,3084,298,2151,260,933,188,239,111,694,160,4465,349
BK68,Fort Greene,11560,313,2920,253,1401,213,645,149,756,177,111,80,645,162,1519,200,8640,352,4035,329,1984,235,2051,263,302,142,1749,242,4605,335
BK69,Clinton Hill,14937,368,4055,296,1941,263,975,200,966,191,237,99,729,167,2114,250,10882,418,4595,381,2806,317,1789,267,279,111,1510,253,6287,411
BK72,Williamsburg,8299,215,2217,228,1199,200,840,169,359,128,92,67,267,114,1018,184,6082,289,5614,275,4800,284,814,157,297,113,517,136,468,161
BK73,North Side-South Side,19172,372,3776,340,2029,285,1104,227,925,194,243,116,682,156,1747,249,15396,465,6662,441,4057,367,2605,342,633,188,1972,299,8734,482
BK75,Bedford,24225,451,6345,412,3656,363,1520,247,2136,284,417,133,1719,254,2689,274,17880,535,11247,517,5100,383,6147,441,796,188,5351,412,6633,464
BK76,Greenpoint,15124,380,3450,306,1652,225,926,169,726,164,203,88,523,140,1798,242,11674,445,4678,407,3673,365,1005,197,364,137,641,145,6996,447
BK77,Bushwick North,18885,343,4022,317,2763,296,1284,209,1479,235,449,142,1030,192,1259,214,14863,447,10652,491,4381,405,6271,464,2062,330,4209,392,4211,374
BK78,Bushwick South,24164,448,6845,417,3967,373,1777,251,2190,306,512,165,1678,265,2878,290,17319,541,11357,550,4515,459,6842,486,1309,262,5533,445,5962,450
BK79,Ocean Hill,11686,319,3455,293,1915,249,750,167,1165,210,328,111,837,186,1540,203,8231,376,5954,370,1946,274,4008,355,733,192,3275,343,2277,310
BK81,Brownsville,20316,363,6722,401,3589,365,1157,225,2432,310,440,132,1992,297,3133,305,13594,470,10412,483,2203,317,8209,461,953,208,7256,449,3182,382
BK82,East New York,30771,490,9176,501,5778,449,2518,321,3260,353,696,189,2564,300,3398,346,21595,619,16212,627,5615,514,10597,570,1518,274,9079,546,5383,477
BK83,Cypress Hills-City Line,13634,342,3837,313,2785,277,1481,226,1304,208,449,131,855,169,1052,189,9797,406,8191,410,4120,376,4071,369,874,188,3197,341,1606,256
BK85,East New York (Pennsylvania Ave),9841,248,2517,253,1662,227,717,160,945,177,194,94,751,168,855,149,7324,322,5593,335,1661,265,3932,313,442,143,3490,311,1731,258
BK88,Borough Park,28325,452,9698,450,6223,395,5087,360,1136,194,322,117,814,160,3475,330,18627,567,16015,571,13446,551,2569,342,698,183,1871,296,2612,325
BK90,East Williamsburg,14888,297,4366,326,2399,282,1481,233,918,195,219,93,699,178,1967,259,10522,420,4366,389,2452,304,1914,276,426,145,1488,245,6156,380
BK91,East Flatbush-Farragut,18217,316,7414,406,5308,362,2745,280,2563,290,486,137,2077,265,2106,270,10803,447,7471,437,3171,347,4300,379,1089,245,3211,334,3332,353
BK93,Starrett City,6378,158,3108,257,1140,222,628,147,512,204,205,180,307,107,1968,282,3270,270,2102,319,496,181,1606,313,108,106,1498,326,1168,276
BK95,Erasmus,10222,280,3363,289,2202,248,1083,196,1119,195,277,98,842,178,1161,199,6859,354,4771,342,1795,269,2976,306,538,174,2438,288,2088,282
BK96,Rugby-Remsen Village,20055,391,7768,436,5491,402,2817,329,2674,303,748,188,1926,260,2277,276,12287,508,8811,499,3403,359,5408,454,841,214,4567,423,3476,388
BK99,park-cemetery-etc-Brooklyn,170,87,28,46,11,40,0,40,11,40,0,40,11,40,17,46,142,83,61,67,8,40,53,66,27,58,26,50,81,69
BX01,Claremont-Bathgate,9847,204,2377,242,1149,212,391,115,758,193,105,57,653,183,1228,224,7470,299,5589,339,1359,238,4230,316,509,146,3721,308,1881,260
BX03,Eastchester-Edenwald-Baychester,11599,292,3664,344,2354,296,1291,244,1063,210,164,83,899,193,1310,230,7935,402,6034,403,2271,305,3763,375,642,222,3121,362,1901,320
BX05,Bedford Park-Fordham North,18253,328,4502,378,2263,311,1124,236,1139,223,333,136,806,192,2239,279,13751,445,9643,491,3363,402,6280,455,919,238,5361,429,4108,432
BX06,Belmont,8319,249,2270,238,934,208,365,127,569,162,224,108,345,130,1336,211,6049,315,3988,316,1091,231,2897,283,482,153,2415,264,2061,292
BX07,Bronxdale,13479,269,4081,302,1981,243,1079,203,902,172,236,96,666,151,2100,248,9398,368,6221,385,2311,305,3910,403,654,204,3256,362,3177,388
BX08,West Farms-Bronx River,11448,307,3253,330,1828,284,984,199,844,204,226,106,618,177,1425,218,8195,405,6087,407,2124,318,3963,385,781,201,3182,345,2108,299
BX09,Soundview-Castle Hill-Clason Point-Harding Park,18657,296,6868,431,4000,403,1937,281,2063,317,477,168,1586,274,2868,330,11789,485,8938,465,2679,341,6259,450,1031,239,5228,444,2851,384
BX10,Pelham Bay-Country Club-City Island,11247,321,4928,366,2335,302,1667,264,668,177,109,73,559,167,2593,314,6319,419,3872,390,2390,354,1482,265,467,171,1015,223,2447,368
BX13,Co-op City,18258,352,8260,502,4113,412,2611,353,1502,288,330,155,1172,266,4147,489,9998,558,6149,575,2649,443,3500,461,811,264,2689,437,3849,502
BX14,East Concourse-Concourse Village,21343,360,6734,417,2971,343,1332,250,1639,271,388,149,1251,244,3763,345,14609,466,10314,496,3233,383,7081,481,1654,328,5427,440,4295,442
BX17,East Tremont,14245,288,3788,313,1875,253,798,174,1077,209,230,105,847,190,1913,249,10457,369,7659,388,1583,265,6076,398,835,220,5241,392,2798,331
BX22,North Riverdale-Fieldston-Riverdale,10909,339,4765,310,2087,234,1657,225,430,119,114,75,316,97,2678,301,6144,381,3492,305,2667,274,825,197,255,135,570,157,2652,328
BX26,Highbridge,12711,253,3158,287,1548,233,711,173,837,178,216,93,621,160,1610,241,9553,362,6633,384,1877,277,4756,404,788,194,3968,385,2920,349
BX27,Hunts Point,8877,186,2603,232,1157,190,595,149,562,138,94,59,468,126,1446,194,6274,259,4907,276,1171,194,3736,281,626,162,3110,257,1367,225
BX28,Van Cortlandt Village,17347,329,5113,386,2995,349,1632,254,1363,280,344,149,1019,233,2118,265,12234,433,8621,468,3318,395,5303,447,864,210,4439,407,3613,378
BX29,Spuyten Duyvil-Kingsbridge,12741,319,5259,343,2507,267,1777,229,730,170,120,59,610,157,2752,292,7482,371,4647,319,3097,294,1550,256,325,143,1225,225,2835,310
BX30,Kingsbridge Heights,10599,266,3305,311,1746,271,794,187,952,226,177,81,775,209,1559,231,7294,367,5055,376,1781,297,3274,327,688,210,2586,304,2239,319
BX31,Allerton-Pelham Gardens,9707,198,3923,285,2787,266,1853,228,934,178,209,85,725,153,1136,191,5784,310,4480,309,2689,297,1791,259,401,155,1390,218,1304,219
BX33,Longwood,8318,227,2342,288,1111,205,388,121,723,172,129,78,594,159,1231,220,5976,324,4463,322,1055,217,3408,297,492,159,2916,284,1513,245
BX34,Melrose South-Mott Haven North,12776,282,3992,335,1952,279,755,181,1197,253,339,151,858,202,2040,279,8784,373,6554,397,1619,273,4935,382,536,171,4399,381,2230,309
BX35,Morrisania-Melrose,12475,260,3263,298,1963,266,859,198,1104,200,224,106,880,177,1300,199,9212,358,6765,380,1709,256,5056,378,624,184,4432,353,2447,298
BX36,University Heights-Morris Heights,17631,351,4343,351,2510,308,1103,223,1407,227,312,121,1095,201,1833,244,13288,457,9514,454,2813,342,6701,458,1140,247,5561,422,3774,375
BX37,Van Nest-Morris Park-Westchester Square,9657,230,3101,275,1814,230,1145,179,669,150,164,82,505,128,1287,196,6556,330,4898,325,2527,284,2371,278,597,169,1774,250,1658,228
BX39,Mott Haven-Port Morris,17497,288,5432,342,2495,268,1041,191,1454,227,309,118,1145,207,2937,305,12065,389,9445,412,2337,308,7108,418,1108,213,6000,407,2620,311
BX40,Fordham South,8338,227,1786,268,1100,224,318,119,782,204,149,108,633,172,686,186,6552,322,4582,343,1120,228,3462,335,255,105,3207,340,1970,295
BX41,Mount Hope,16528,281,4005,326,2238,253,989,178,1249,208,288,107,961,185,1767,247,12523,406,9446,427,2843,335,6603,418,1385,253,5218,376,3077,332
BX43,Norwood,14192,278,3388,324,1937,287,979,213,958,216,253,112,705,189,1451,233,10804,372,7051,402,2877,372,4174,397,827,233,3347,371,3753,394
BX44,Williamsbridge-Olinville,20322,356,6787,390,3961,327,1713,223,2248,269,440,124,1808,245,2826,285,13535,453,9689,458,3488,371,6201,423,1120,220,5081,408,3846,377
BX46,Parkchester,12590,286,3453,336,1874,315,1006,239,868,218,194,97,674,194,1579,263,9137,383,5433,434,2497,337,2936,382,733,206,2203,352,3704,377
BX49,Pelham Parkway,11364,251,4058,322,2241,260,1589,222,652,154,209,89,443,135,1817,244,7306,362,4738,378,2758,313,1980,302,543,194,1437,257,2568,316
BX52,Schuylerville-Throgs Neck-Edgewater Park,16655,351,6303,425,3873,383,2692,325,1181,231,281,123,900,193,2430,299,10352,490,7489,488,4271,419,3218,373,637,200,2581,322,2863,374
BX55,Soundview-Bruckner,11247,273,3715,309,2115,250,1138,201,977,182,347,126,630,148,1600,247,7532,364,5800,341,1845,270,3955,332,946,191,3009,315,1732,247
BX59,Westchester-Unionport,8788,254,2463,276,1409,231,823,178,586,158,176,83,410,135,1054,199,6325,319,4881,323,2016,262,2865,295,859,200,2006,257,1444,256
BX62,Woodlawn-Wakefield,15128,300,5755,379,3892,340,2172,259,1720,271,467,166,1253,217,1863,241,9373,420,6669,401,3122,327,3547,341,718,181,2829,324,2704,339
BX63,West Concourse,12795,234,3310,336,2059,291,944,216,1115,243,153,83,962,228,1251,221,9485,387,6967,427,2295,318,4672,417,866,219,3806,380,2518,348
BX75,Crotona Park East,6912,186,1968,219,844,175,389,115,455,140,113,60,342,120,1124,205,4944,258,3808,284,1059,195,2749,299,435,161,2314,275,1136,219
BX98,Rikers Island,0,17,0,17,0,17,0,17,0,17,0,17,0,17,0,17,0,17,0,17,0,17,0,17,0,17,0,17,0,17
BX99,park-cemetery-etc-Bronx,482,57,143,60,101,52,51,40,50,47,7,31,43,47,42,41,339,65,163,60,81,54,82,49,0,32,82,49,176,66
MN01,Marble Hill-Inwood,18168,300,5464,387,3124,354,1462,239,1662,294,380,152,1282,258,2340,266,12704,446,7666,493,3307,371,4359,448,985,281,3374,390,5038,436
MN03,Central Harlem North-Polo Grounds,33203,589,9516,575,3497,415,1379,267,2118,333,388,176,1730,294,6019,477,23687,720,12747,702,4048,468,8699,655,1364,287,7335,608,10940,644
MN04,Hamilton Heights,18678,409,5852,402,2839,340,797,185,2042,317,354,149,1688,296,3013,351,12826,502,7061,506,2858,393,4203,459,964,236,3239,422,5765,482
MN06,Manhattanville,8130,224,2611,261,1513,236,601,164,912,204,188,104,724,188,1098,195,5519,301,3155,280,1128,207,2027,243,327,125,1700,241,2364,272
MN09,Morningside Heights,20166,423,6172,436,2687,310,1673,255,1014,237,388,164,626,171,3485,391,13994,520,6173,469,3918,412,2255,326,207,108,2048,311,7821,506
MN11,Central Harlem South,18506,412,4510,354,2074,267,781,181,1293,220,335,117,958,191,2436,284,13996,466,7127,452,3087,321,4040,388,648,172,3392,366,6869,472
MN12,Upper West Side,66941,959,23245,833,9445,628,7188,572,2257,331,495,172,1762,304,13800,745,43696,1039,18389,852,13926,773,4463,543,1318,347,3145,457,25307,1044
MN13,Hudson Yards-Chelsea-Flat Iron-Union Square,39072,730,9047,552,2688,362,1884,298,804,215,101,81,703,203,6359,506,30025,804,7766,573,5817,558,1949,334,512,171,1437,298,22259,835
MN14,Lincoln Square,32169,851,10728,659,4161,415,3419,396,742,207,85,67,657,197,6567,613,21441,844,8129,674,6787,634,1342,343,294,192,1048,286,13312,800
MN15,Clinton,25261,639,5749,499,1387,287,873,227,514,182,145,103,369,151,4362,428,19512,737,4474,439,3154,391,1320,265,401,146,919,225,15038,736
MN17,Midtown-Midtown South,15964,499,4001,362,1441,220,1205,208,236,88,27,52,209,84,2560,309,11963,522,3212,342,2715,331,497,163,80,68,417,155,8751,527
MN19,Turtle Bay-East Midtown,29094,755,9688,573,3488,363,3090,349,398,157,46,67,352,146,6200,540,19406,749,5674,480,4887,474,787,212,281,146,506,155,13732,706
MN20,Murray Hill-Kips Bay,26173,724,6398,449,2053,312,1631,274,422,178,80,73,342,166,4345,455,19775,760,5227,501,4081,419,1146,337,160,127,986,315,14548,775
MN21,Gramercy,14877,492,3372,297,934,202,809,196,125,72,75,64,50,48,2438,281,11505,505,2678,368,1985,321,693,206,235,153,458,168,8827,500
MN22,East Village,22306,477,4367,389,1294,244,932,199,362,147,156,120,206,86,3073,360,17939,556,3908,428,2749,390,1159,262,399,178,760,200,14031,638
MN23,West Village,37218,714,10113,547,3394,361,3018,347,376,121,103,75,273,107,6719,528,27105,740,6450,507,5362,469,1088,239,335,162,753,182,20655,790
MN24,SoHo-TriBeCa-Civic Center-Little Italy,18761,519,4982,372,2561,307,2088,283,473,143,191,93,282,121,2421,287,13779,539,4680,417,3898,386,782,213,218,105,564,186,9099,546
MN25,Battery Park City-Lower Manhattan,18931,563,3053,368,978,210,776,189,202,105,53,57,149,99,2075,331,15878,598,6130,513,5195,497,935,249,324,148,611,195,9748,599
MN27,Chinatown,18107,418,6990,438,4462,396,2890,329,1572,265,451,142,1121,223,2528,320,11117,527,5284,493,3377,439,1907,308,436,143,1471,274,5833,423
MN28,Lower East Side,30216,429,12603,538,7022,489,4026,392,2996,377,621,189,2375,333,5581,466,17613,598,9199,536,4497,420,4702,457,870,233,3832,420,8414,533
MN31,Lenox Hill-Roosevelt Island,43515,1005,12815,806,4623,502,3669,444,954,267,148,97,806,244,8192,732,30700,1040,11130,759,9499,710,1631,357,361,215,1270,285,19570,985
MN32,Yorkville,43613,800,12098,775,4556,524,3740,489,816,223,160,83,656,208,7542,692,31515,896,11225,740,9453,709,1772,339,318,141,1454,301,20290,893
MN33,East Harlem South,22874,388,7801,420,3936,375,1722,268,2214,317,497,187,1717,265,3865,347,15073,489,8570,499,3384,349,5186,457,1157,258,4029,420,6503,468
MN34,East Harlem North,22183,414,7080,451,3356,364,1231,232,2125,309,346,136,1779,289,3724,372,15103,552,9650,564,2766,380,6884,547,1082,291,5802,516,5453,460
MN35,Washington Heights North,25490,376,9166,479,5131,434,2793,351,2338,329,440,182,1898,302,4035,395,16324,530,9108,531,4130,404,4978,462,1003,274,3975,416,7216,504
MN36,Washington Heights South,29283,415,10715,542,5868,492,2383,323,3485,420,759,218,2726,369,4847,444,18568,611,10627,601,3895,431,6732,526,1911,383,4821,467,7941,543
MN40,Upper East Side-Carnegie Hill,28751,702,13155,593,6614,483,6274,480,340,129,56,59,284,122,6541,498,15596,619,8277,520,7135,485,1142,258,271,154,871,211,7319,525
MN50,Stuyvesant Town-Cooper Village,10481,243,3940,297,1624,268,1233,254,391,136,25,42,366,130,2316,338,6541,353,2327,338,1685,310,642,206,222,163,420,169,4214,411
MN99,park-cemetery-etc-Manhattan,0,32,0,32,0,32,0,32,0,32,0,32,0,32,0,32,0,32,0,32,0,32,0,32,0,32,0,32,0,32
QN01,South Jamaica,11627,288,4426,309,2701,276,1086,178,1615,237,370,131,1245,213,1725,209,7201,363,5777,380,2402,301,3375,351,521,145,2854,322,1424,251
QN02,Springfield Gardens North,9939,280,4497,379,2689,386,1058,222,1631,335,498,220,1133,270,1808,310,5442,420,3620,459,1456,319,2164,382,416,183,1748,372,1822,347
QN03,Springfield Gardens South-Brookville,5553,178,2026,200,1540,181,687,140,853,153,146,73,707,141,486,127,3527,241,2866,243,1552,234,1314,192,226,93,1088,185,661,152
QN05,Rosedale,7896,167,2781,273,2275,249,1182,200,1093,205,162,93,931,183,506,132,5115,307,4265,341,2264,291,2001,305,292,137,1709,273,850,204
QN06,Jamaica Estates-Holliswood,9489,203,3943,328,2621,310,1817,238,804,216,125,77,679,213,1322,210,5546,355,3906,336,2821,313,1085,235,357,154,728,195,1640,268
QN07,Hollis,6273,188,2445,229,1931,214,1103,178,828,151,167,79,661,127,514,149,3828,255,2942,265,1497,229,1445,224,307,126,1138,198,886,184
QN08,St. Albans,15308,292,6633,368,4799,348,1957,246,2842,297,530,138,2312,270,1834,236,8675,406,6978,400,3741,337,3237,333,591,155,2646,310,1697,240
QN10,Breezy Point-Belle Harbor-Rockaway Park-Broad Channel,11319,337,4884,348,3049,303,2368,256,681,177,213,114,468,144,1835,253,6435,406,4319,345,3378,319,941,201,229,122,712,170,2116,304
QN12,Hammels-Arverne-Edgemere,12157,283,3561,314,2111,265,1102,210,1009,215,250,115,759,177,1450,234,8596,383,6185,375,2240,292,3945,378,477,166,3468,362,2411,312
QN15,Far Rockaway-Bayswater,16060,402,5701,395,3091,358,1721,255,1370,295,143,84,1227,294,2610,279,10359,480,7320,475,3905,407,3415,407,518,181,2897,390,3039,409
QN17,Forest Hills,38771,494,14802,618,7555,493,5810,429,1745,278,714,190,1031,219,7247,529,23969,694,13997,671,11521,627,2476,368,648,202,1828,317,9972,638
QN18,Rego Park,12455,253,4608,327,2819,300,2095,274,724,159,187,88,537,145,1789,238,7847,371,4309,356,3290,312,1019,250,261,118,758,221,3538,374
QN19,Glendale,11561,285,4323,319,2705,283,1761,201,944,210,269,113,675,178,1618,227,7238,364,5389,353,3867,328,1522,245,222,107,1300,220,1849,260
QN20,Ridgewood,23963,393,6660,427,4120,367,2421,278,1699,267,583,166,1116,210,2540,288,17303,514,12745,529,7739,530,5006,424,1130,228,3876,401,4558,417
QN21,Middle Village,14899,290,6456,352,4063,315,3107,293,956,174,351,111,605,137,2393,251,8443,388,6182,385,4779,345,1403,244,283,114,1120,223,2261,275
QN22,Flushing,25643,511,10247,515,6182,458,3933,383,2249,354,790,262,1459,276,4065,402,15396,629,10604,586,7675,548,2929,408,709,206,2220,370,4792,531
QN23,College Point,7749,286,2934,284,2071,259,1422,227,649,167,236,102,413,136,863,167,4815,348,3494,341,2385,297,1109,245,300,149,809,214,1321,231
QN25,Corona,16253,359,5312,443,3259,374,1882,294,1377,287,486,162,891,250,2053,298,10941,526,8754,534,4655,440,4099,456,1475,306,2624,375,2187,358
QN26,North Corona,11533,345,2621,277,1960,255,1126,205,834,184,380,123,454,141,661,159,8912,393,7018,410,3612,358,3406,349,1864,276,1542,266,1894,276
QN27,East Elmhurst,6264,214,2043,217,1446,195,718,129,728,157,197,93,531,132,597,138,4221,269,3224,272,1525,224,1699,252,722,186,977,185,997,177
QN28,Jackson Heights,36495,527,12444,627,7419,541,4697,442,2722,367,944,245,1778,283,5025,438,24051,719,16140,747,10332,657,5808,568,2223,398,3585,440,7911,614
QN29,Elmhurst,27528,399,9154,503,6355,448,3720,350,2635,333,750,196,1885,287,2799,337,18374,582,12967,603,8149,529,4818,462,2437,375,2381,342,5407,495
QN30,Maspeth,10629,284,3655,273,2269,232,1627,199,642,132,199,70,443,111,1386,195,6974,341,4575,323,3069,277,1506,223,565,160,941,179,2399,283
QN31,Hunters Point-Sunnyside-West Maspeth,26309,478,6730,453,3696,367,2323,273,1373,262,467,155,906,217,3034,342,19579,579,9630,573,6958,494,2672,402,1238,297,1434,288,9949,585
QN33,Cambria Heights,6337,131,3382,231,2614,222,1356,174,1258,188,285,102,973,160,768,143,2955,241,2485,235,1552,198,933,185,231,104,702,155,470,141
QN34,Queens Village,16048,275,6429,359,5236,342,3422,292,1814,234,479,134,1335,199,1193,190,9619,402,8128,406,5267,371,2861,313,766,185,2095,272,1491,244
QN35,Briarwood-Jamaica Hills,13557,314,4120,323,2872,295,2220,268,652,165,321,126,331,114,1248,199,9437,395,5996,414,4187,415,1809,309,628,200,1181,247,3441,365
QN37,Kew Gardens Hills,13265,312,4875,393,3002,341,2064,282,938,219,317,133,621,169,1873,272,8390,433,5686,398,4576,401,1110,234,207,119,903,218,2704,362
QN38,Pomonok-Flushing Heights-Hillcrest,11797,268,4684,417,2992,354,2249,300,743,197,203,93,540,173,1692,284,7113,450,5208,405,3503,360,1705,298,413,179,1292,264,1905,356
QN41,Fresh Meadows-Utopia,6582,188,2459,271,1534,226,1115,191,419,136,172,114,247,98,925,196,4123,276,2993,277,2531,274,462,173,135,83,327,144,1130,213
QN42,Oakland Gardens,11235,225,4302,318,2528,260,1896,239,632,162,178,104,454,142,1774,241,6933,354,4894,361,4091,343,803,237,191,119,612,209,2039,292
QN43,Bellerose,8110,254,3171,285,2267,246,1690,227,577,159,164,77,413,150,904,188,4939,319,4052,317,3252,294,800,212,211,123,589,178,887,191
QN44,Glen Oaks-Floral Park-New Hyde Park,9167,242,4823,305,2353,246,1970,228,383,122,58,57,325,110,2470,294,4344,314,3005,285,2371,271,634,193,243,124,391,133,1339,258
QN45,Douglas Manor-Douglaston-Little Neck,9677,208,4560,286,2922,277,2414,270,508,143,208,110,300,106,1638,225,5117,322,3789,317,3233,293,556,184,230,124,326,142,1328,226
QN46,Bayside-Bayside Hills,16043,279,6399,342,4602,304,3517,267,1085,191,303,109,782,159,1797,215,9644,394,6937,389,5725,363,1212,211,320,115,892,181,2707,327
QN47,Ft. Totten-Bay Terrace-Clearview,10253,230,5186,372,2835,318,2225,288,610,190,166,102,444,163,2351,303,5067,405,3467,370,2889,372,578,186,166,120,412,155,1600,281
QN48,Auburndale,7182,195,3262,258,2287,220,1804,202,483,123,160,77,323,94,975,167,3920,270,3223,278,2514,261,709,177,115,59,594,170,697,152
QN49,Whitestone,11544,267,5221,370,3597,330,2814,309,783,190,232,117,551,154,1624,227,6323,416,4873,397,3987,355,886,228,209,132,677,193,1450,271
QN50,Elmhurst-Maspeth,8352,206,2934,243,2162,234,1609,227,553,129,218,79,335,110,772,153,5418,297,3912,313,2831,297,1081,208,410,128,671,179,1506,246
QN51,Murray Hill,17877,360,7144,400,5319,377,3877,327,1442,259,377,123,1065,230,1825,267,10733,478,7791,493,5743,462,2048,339,564,173,1484,305,2942,377
QN52,East Flushing,8870,210,3792,272,2862,256,2139,235,723,145,252,91,471,123,930,166,5078,292,4038,291,2932,282,1106,196,365,115,741,168,1040,206
QN53,Woodhaven,17140,353,5518,351,4121,322,2638,262,1483,212,441,122,1042,179,1397,196,11622,426,9499,442,6217,417,3282,336,971,204,2311,292,2123,295
QN54,Richmond Hill,17535,357,5824,376,4640,347,3182,292,1458,220,601,148,857,178,1184,194,11711,438,9909,439,6608,407,3301,320,1165,207,2136,268,1802,262
QN55,South Ozone Park,22031,419,7921,448,6516,425,4301,363,2215,275,718,169,1497,222,1405,221,14110,532,11831,542,7830,520,4001,397,1501,274,2500,316,2279,336
QN56,Ozone Park,6837,257,2202,233,1661,218,1117,178,544,158,181,82,363,132,541,140,4635,306,3673,319,2529,312,1144,245,293,112,851,214,962,201
QN57,Lindenwood-Howard Beach,11261,243,5884,380,3834,351,2763,347,1071,245,289,136,782,215,2050,299,5377,415,3905,380,3070,382,835,255,289,164,546,201,1472,300
QN60,Kew Gardens,9997,270,3491,320,1823,261,1253,202,570,185,133,103,437,153,1668,239,6506,375,3622,343,2858,330,764,177,338,131,426,123,2884,330
QN61,Jamaica,15700,313,5183,355,3606,332,2151,264,1455,243,477,154,978,202,1577,209,10517,412,7813,445,4845,398,2968,361,1123,234,1845,283,2704,336
QN62,Queensboro Hill,6384,207,2334,236,1885,232,1359,202,526,133,191,83,335,111,449,101,4050,276,3422,279,2615,268,807,198,309,122,498,167,628,159
QN63,Woodside,16388,343,5415,417,3372,347,2145,274,1227,263,377,161,850,218,2043,293,10973,470,6664,468,4621,438,2043,309,575,181,1468,274,4309,457
QN66,Laurelton,7891,198,3858,251,3041,243,1795,214,1246,190,234,90,1012,172,817,145,4033,271,3186,262,1731,226,1455,214,181,85,1274,206,847,179
QN68,Queensbridge-Ravenswood-Long Island City,7283,168,2038,256,980,204,592,148,388,149,56,44,332,142,1058,195,5245,293,3402,302,1449,204,1953,276,248,106,1705,278,1843,260
QN70,Astoria,34018,502,9943,487,5055,400,2848,301,2207,291,676,168,1531,246,4888,400,24075,615,10712,611,7232,535,3480,400,1141,260,2339,314,13363,626
QN71,Old Astoria,10958,284,2652,280,1541,234,970,182,571,142,176,87,395,114,1111,200,8306,363,4243,359,2616,291,1627,260,626,187,1001,195,4063,347
QN72,Steinway,20793,403,6077,408,4040,349,2779,298,1261,215,412,125,849,180,2037,270,14716,513,7287,470,5499,420,1788,280,473,158,1315,244,7429,474
QN76,Baisley Park,10364,245,3988,289,3015,262,1486,187,1529,203,263,81,1266,200,973,176,6376,329,5025,321,2187,244,2838,293,630,171,2208,253,1351,223
QN98,Airport,0,17,0,17,0,17,0,17,0,17,0,17,0,17,0,17,0,17,0,17,0,17,0,17,0,17,0,17,0,17
QN99,park-cemetery-etc-Queens,162,62,77,52,30,47,30,47,0,48,0,48,0,48,47,54,85,59,67,58,47,57,20,50,0,48,20,50,18,48
SI01,Annadale-Huguenot-Prince's Bay-Eltingville,9786,217,3841,261,2857,254,2401,228,456,147,97,55,359,137,984,191,5945,303,4854,321,4030,314,824,199,221,102,603,175,1091,238
SI05,New Springville-Bloomfield-Travis,13345,344,5474,353,3965,327,3184,300,781,183,351,136,430,125,1509,229,7871,442,6616,448,5216,421,1400,328,444,240,956,223,1255,259
SI07,Westerleigh,9083,215,3647,268,2325,245,1884,234,441,103,128,70,313,92,1322,223,5436,300,4199,305,3340,313,859,208,322,143,537,156,1237,218
SI08,Grymes Hill-Clifton-Fox Hills,7941,274,2419,290,1587,256,1096,204,491,179,65,47,426,176,832,199,5522,333,3711,333,2091,307,1620,278,210,113,1410,273,1811,286
SI11,Charleston-Richmond Valley-Tottenville,7622,249,2508,267,1811,256,1386,232,425,140,44,37,381,136,697,168,5114,344,4296,334,3612,309,684,208,274,147,410,146,818,204
SI12,Mariner's Harbor-Arlington-Port Ivory-Graniteville,10025,314,2747,271,1882,229,1179,190,703,156,236,89,467,130,865,164,7278,374,6038,382,3363,340,2675,330,498,178,2177,285,1240,221
SI14,Grasmere-Arrochar-Ft. Wadsworth,5438,217,2140,209,1487,196,1199,174,288,94,82,59,206,77,653,136,3298,262,2546,241,1829,205,717,173,131,79,586,164,752,166
SI22,West New Brighton-New Brighton-St. George,11686,391,3581,293,1874,252,1053,185,821,188,285,120,536,143,1707,210,8105,412,5753,415,2696,351,3057,357,743,215,2314,326,2352,312
SI24,Todt Hill-Emerson Hill-Heartland Village-Lighthouse Hill,11096,273,4833,355,3644,351,2940,331,704,205,174,110,530,170,1189,201,6263,405,4908,378,3969,347,939,251,237,128,702,224,1355,271
SI25,Oakwood-Oakwood Beach,8194,240,4010,320,2670,284,1904,249,766,199,283,133,483,164,1340,209,4184,327,3355,311,2872,297,483,162,153,120,330,126,829,229
SI28,Port Richmond,6369,244,2164,238,1362,201,868,156,494,136,149,70,345,121,802,164,4205,289,3376,302,2192,295,1184,236,291,160,893,192,829,196
SI32,Rossville-Woodrow,6945,207,2473,237,1897,228,1681,231,216,90,65,55,151,74,576,147,4472,263,3839,269,3068,310,771,213,105,68,666,204,633,178
SI35,New Brighton-Silver Lake,6303,219,2048,200,1206,169,944,146,262,91,82,61,180,71,842,159,4255,259,3208,259,2373,232,835,186,277,134,558,155,1047,193
SI36,Old Town-Dongan Hills-South Beach,8752,234,3659,283,2281,266,1812,252,469,140,112,63,357,127,1378,236,5093,340,3574,325,2702,309,872,182,204,103,668,163,1519,287
SI37,Stapleton-Rosebank,9115,292,2746,242,1709,206,1239,172,470,135,149,82,321,116,1037,173,6369,351,4398,323,2588,293,1810,276,421,165,1389,248,1971,278
SI45,New Dorp-Midland Beach,7881,240,2900,246,1780,221,1362,193,418,110,124,70,294,90,1120,185,4981,298,4035,326,3219,317,816,207,136,84,680,195,946,214
SI48,Arden Heights,8805,191,3182,277,2516,272,2058,262,458,154,172,101,286,104,666,152,5623,308,4354,308,3719,308,635,189,66,45,569,185,1269,265
SI54,Great Kills,15289,221,6058,373,4363,330,3451,307,912,201,200,102,712,173,1695,262,9231,403,7506,404,6284,415,1222,242,275,123,947,213,1725,288
SI99,park-cemetery-etc-Staten Island,0,17,0,17,0,17,0,17,0,17,0,17,0,17,0,17,0,17,0,17,0,17,0,17,0,17,0,17,0,17
